10 10
1
2 0 3 10
10 10
1
0 0 1 10
10 10
2
0 0 5 5
5 5 10 10
10 10
2
5 0 6 10
0 5 10 8
10 10
4
2 2 8 4
2 4 4 8
6 4 8 8
4 6 6 8
10 10
8
0 0 2 2
4 0 6 6
8 0 10 2
0 4 2 6
8 4 10 6
0 8 2 10
4 8 6 10
8 8 10 10
1000 1000
100
773 82 832 86
198 905 218 944
527 691 547 693
266 990 275 994
283 171 297 173
156 711 180 731
619 707 633 722
81 208 83 235
681 662 700 680
824 719 854 872
400 673 716 681
642 330 646 333
559 0 583 12
150 874 161 884
291 531 293 538
219 8 224 16
405 39 498 916
198 441 204 463
731 81 759 86
672 876 691 887
440 459 463 787
612 83 625 922
479 476 483 680
920 205 928 206
320 894 336 908
430 4 451 20
428 549 432 550
596 598 619 665
893 322 922 348
342 320 737 596
438 734 929 940
601 782 618 798
210 634 226 658
657 154 671 165
34 187 41 516
916 532 959 823
760 95 772 116
784 239 794 264
550 690 937 719
732 72 752 222
381 975 403 982
516 521 521 918
672 430 696 443
321 479 331 494
125 624 152 642
565 869 943 884
556 917 566 936
886 325 889 347
193 296 212 301
179 330 201 584
434 274 453 299
904 88 906 114
312 747 319 750
444 366 457 367
579 334 604 798
947 133 960 163
550 628 578 637
191 367 213 388
762 683 771 782
180 434 187 443
404 56 420 66
150 625 163 653
341 155 371 175
771 17 798 21
560 86 589 98
913 369 1000 375
617 414 627 429
673 585 683 594
755 72 782 89
931 838 961 917
958 929 974 957
22 777 34 807
959 412 969 437
640 623 657 640
698 561 699 564
457 310 468 328
754 881 798 900
605 541 620 553
833 108 846 121
533 354 534 357
164 54 183 76
147 823 224 849
337 581 361 960
656 766 675 786
311 321 317 339
453 276 470 303
464 637 471 667
48 686 50 687
544 471 554 492
245 202 256 211
304 230 321 252
405 41 433 59
864 614 870 638
938 917 946 947
515 51 534 52
742 578 755 590
58 278 780 285
747 273 766 287
716 311 970 333
331 631 340 641
1000 1000
100
219 58 240 138
161 129 185 679
503 849 531 867
65 439 67 447
117 425 142 433
422 195 434 200
506 664 528 666
70 410 690 432
274 875 671 882
265 259 684 280
888 636 918 655
655 265 671 272
676 163 695 177
316 96 341 107
458 395 483 416
385 310 394 324
83 292 111 293
835 144 955 799
67 615 92 642
147 240 163 261
775 331 788 340
93 697 999 921
863 447 870 449
3 696 31 726
407 8 425 11
236 727 548 736
741 422 748 437
480 411 501 427
624 830 636 844
144 859 163 860
531 290 545 956
830 324 857 343
545 239 552 255
469 90 484 93
651 100 663 113
735 488 737 516
285 471 969 481
418 211 775 228
285 229 308 257
202 835 231 875
830 956 849 958
280 317 300 328
972 851 974 869
425 352 441 927
755 55 766 77
484 493 512 499
973 700 995 709
98 421 116 426
581 856 583 881
884 791 886 801
44 505 221 518
967 91 972 99
415 482 424 495
561 726 570 753
365 166 381 182
712 630 725 643
865 275 878 282
123 85 138 107
149 560 175 583
658 323 682 342
892 572 902 593
46 335 71 336
143 524 149 527
298 770 322 785
572 925 827 933
74 28 89 588
583 258 599 312
30 251 51 274
485 144 489 156
814 64 834 84
553 666 575 679
393 289 410 292
612 842 622 851
159 96 166 717
241 688 839 691
283 851 296 971
778 790 793 796
315 751 321 765
519 535 535 561
813 474 843 798
635 360 639 375
681 968 700 991
14 562 930 574
582 573 864 599
575 151 601 169
627 431 656 452
496 181 524 622
799 31 816 53
640 86 954 108
802 605 832 753
692 206 716 478
766 904 779 928
830 37 859 56
217 725 234 737
223 780 560 805
314 296 708 303
565 650 572 661
977 913 980 921
870 773 886 796
241 85 252 88
3000 3000
300
719 1732 732 1740
253 952 273 958
2760 1331 2790 1342
1976 579 1986 589
2701 762 2703 786
2851 2807 2866 2829
1301 2736 1305 2755
1205 2558 1230 2573
1419 1092 1427 1106
1660 2803 1665 2821
441 483 445 512
1349 925 1351 948
1597 1564 1608 2573
343 238 360 249
2310 628 2317 657
41 2016 71 2039
964 279 970 292
1930 371 1952 380
988 2638 1018 2668
507 699 511 722
1325 603 1348 624
2227 879 2233 2350
2468 358 2475 371
1897 2957 1912 2960
1865 541 1873 550
2502 2289 2522 2995
960 2616 984 2620
2188 637 2192 639
1598 2033 1621 2034
535 1322 556 2603
412 1745 434 1753
434 2211 437 2216
1672 1601 1684 1607
768 104 777 2425
307 2972 326 2976
1863 1567 1868 1589
1997 67 2013 78
2920 467 2943 495
2215 1302 2244 1331
1317 66 1338 1483
1741 549 1768 565
1415 2811 1574 2840
2108 2508 2119 2519
2134 2784 2150 2803
232 391 239 418
2957 1319 2974 1326
2674 2355 2678 2366
2880 2011 2908 2040
810 57 822 84
320 197 325 198
2925 2131 2945 2146
2664 1424 2668 1426
1617 2364 1636 2777
2561 2210 2590 2230
213 210 226 226
2372 1316 2402 1337
836 2560 847 2567
2817 1153 2846 1174
1150 952 1153 959
179 2779 2993 2790
1677 2640 1686 2658
1258 1140 1282 1144
1330 2806 1345 2821
2082 257 2093 2215
2604 237 2628 241
1708 1087 1725 1097
180 1942 188 1948
2219 2203 2222 2219
2646 2615 2825 2643
748 473 767 495
2139 1965 2142 1981
365 848 2388 2088
2638 602 2647 608
1705 20 2195 26
2989 898 2996 914
255 1515 285 1534
1897 519 1908 542
913 2850 927 2892
1105 2262 1108 2266
1931 1830 1961 1853
2484 2030 2502 2033
1000 1969 1025 1975
815 1211 836 1750
72 1636 101 1664
2439 1063 2458 2089
2902 1495 2956 2744
1064 648 1086 1911
2750 462 2754 469
1755 1226 1768 1234
2922 1253 2951 1259
2114 2443 2119 2473
2364 156 2387 181
2263 2124 2270 2153
2224 2466 2240 2493
1629 2050 1653 2070
1883 933 1911 963
555 1328 575 1335
2493 1906 2508 2377
1309 1147 1320 2416
801 1538 819 1564
336 2622 1866 2643
2186 405 2190 1101
733 1719 749 1736
2316 1644 2324 1661
2967 2154 2992 2175
2433 2027 2447 2054
1799 632 1812 637
1215 2834 1241 2852
1810 2470 1831 2483
1996 1471 2021 2946
1204 1066 1233 1081
1401 2802 1415 2805
924 410 942 418
1601 2227 1621 2378
2908 1552 2931 1563
2679 569 2680 583
1962 998 1978 1018
815 1384 839 1397
2920 2113 2922 2127
2356 2124 2378 2133
2536 1616 2556 1639
889 501 917 522
2922 2259 2923 2274
85 2882 2239 2900
950 2623 957 2652
2376 999 2383 1029
1383 2103 1385 2123
1555 1837 1570 1846
2765 805 2781 818
2956 2804 2985 2809
610 1563 621 1577
211 1171 238 1196
1211 20 1229 41
669 2828 687 2834
723 2906 734 2917
1128 1437 2494 1441
2003 1161 2021 1187
2074 839 2093 851
1021 175 1030 200
1559 2933 1562 2961
1000 1245 1024 1253
565 2661 595 2690
1642 67 1654 80
156 1454 175 1477
2405 2188 2420 2204
147 1777 151 1792
2112 743 2127 756
1057 1267 1068 1758
1181 1015 1195 2496
2045 2581 2046 2599
1589 1479 1592 1506
486 686 489 710
399 882 421 912
803 2164 804 2928
2399 2949 2423 2958
2582 1663 2966 1689
192 2813 219 2842
2811 2251 2830 2929
1850 307 1864 320
2451 1304 2481 1322
2621 2030 2636 2035
640 268 656 292
709 583 731 586
462 2605 485 2612
1695 180 1708 197
109 477 117 506
2648 5 2669 1836
452 2827 477 2833
2676 2473 2702 2491
1857 2872 1878 2889
1705 1263 1723 1289
1064 795 1092 805
263 1892 293 1893
1536 1824 1554 1853
156 2482 167 2487
2981 1877 2995 1882
2403 710 2983 713
1519 685 1542 703
776 2896 806 2910
1294 808 1312 826
25 2594 54 2623
324 1991 337 2004
871 2443 892 2466
340 1768 351 1780
2593 2575 2600 2595
892 1190 908 1213
2879 2316 2892 2330
2851 2951 2856 2969
780 753 787 758
2304 2171 2334 2182
1599 472 2075 2321
703 2611 714 2627
1067 958 1073 2845
2745 1436 2766 1451
371 2637 376 2663
1767 1734 1768 1762
206 2348 221 2371
1341 2456 1348 2459
375 1920 395 1947
2924 2802 2929 2808
246 254 250 1687
2912 1244 2913 1248
1831 2969 1841 2997
1627 2543 1652 2544
1125 2902 1142 2906
2441 1446 2778 1468
1267 1507 1280 1536
2874 1332 2896 1362
1438 1954 1455 1977
1331 2245 2439 2258
1163 2392 1191 2420
169 749 1729 771
77 2188 86 2216
2841 2372 2854 2390
915 1217 1400 1224
1711 1540 1715 1549
1813 959 1836 982
2099 1460 2120 1488
808 1747 818 1763
2841 2458 2862 2487
2800 2499 2817 2503
1427 1047 1440 1068
899 192 2522 222
181 1085 188 1098
3 2924 5 2933
2709 547 2719 559
2847 613 2876 1598
1136 2550 1141 2572
1437 1923 1466 1947
2634 75 2657 88
1433 2973 1456 2992
2789 1561 2801 1576
1541 329 1563 348
1268 2670 1274 2690
2055 2076 2078 2093
2491 2985 2517 2997
1259 2801 1268 2820
106 2708 117 2713
863 2420 873 2446
204 2442 209 2670
2163 2346 2174 2357
478 800 1165 805
759 1180 782 1197
2922 2037 2925 2065
2271 818 2277 827
40 2862 65 2865
917 2622 934 2953
1858 1472 1869 1486
1830 2398 1856 2417
2211 1820 2228 1825
1909 1543 1923 1544
755 813 2486 823
1019 2893 1028 2897
384 627 408 656
480 2391 2510 2401
2446 2389 2463 2938
2718 1324 2884 1347
2757 965 2759 975
236 171 2932 172
797 1708 802 2726
2156 1634 2525 2917
1457 2164 1473 2176
806 463 834 481
2771 2128 2800 2147
1731 1500 2986 1526
2879 2655 2895 2672
2393 2012 2415 2042
764 689 788 707
106 1641 1737 1658
1821 1170 1835 1193
1765 756 1770 761
331 2505 332 2515
2600 1421 2927 1443
447 2708 468 2726
2893 1767 2910 1794
2789 590 2971 2095
2484 451 2503 458
1251 2513 1256 2864
274 1803 2429 1804
2369 2407 2375 2416
1801 1604 1823 1620
798 2215 802 2229
118 635 124 660
2755 2873 2781 2903
571 903 597 1342
877 2887 2135 2893
474 564 2945 585
2446 1883 2453 1889
1008 2935 1015 2938
2347 2197 2376 2198
2907 668 2920 1992
432 383 444 410
1572 1060 1596 1063
967 1509 983 1524
1617 1149 1646 1163
765 1241 1593 1424
2220 2353 2232 2356
495 2957 515 2959
210 1858 222 2776
2264 1697 2281 1700
3000 3000
300
627 1024 634 2416
1222 489 1225 493
2102 1364 2122 1385
2867 456 2878 479
2747 1147 2771 1177
857 1414 867 1430
782 2554 793 2569
2112 1170 2142 1187
1727 1959 1742 1965
1723 1220 1738 1248
2102 1939 2132 1969
1727 113 1751 116
828 2073 842 2085
2265 1827 2284 1833
1264 2007 1293 2016
2252 2148 2270 2158
1415 2515 1427 2537
833 1485 847 1493
2540 2316 2548 2328
469 2716 472 2727
644 374 660 401
1186 1736 1214 1761
1662 1441 1667 1461
1397 2726 1416 2734
2070 631 2095 633
2731 2524 2774 2536
1799 682 1926 683
1249 934 1261 1138
1695 856 1720 880
475 2006 2038 2017
81 2579 104 2581
346 2362 362 2382
2007 1961 2022 1990
592 610 621 630
2940 2023 2998 2444
2363 159 2392 184
1090 2140 1093 2141
90 1345 1995 1353
3 1760 10 1765
1452 2662 1477 2668
329 305 343 321
1813 1206 1818 1220
1220 2905 1245 2918
1335 1305 1350 1324
760 2252 784 2264
1149 2129 1159 2991
1021 271 1040 300
2606 2715 2622 2732
1277 121 1292 148
661 1549 681 1565
2503 2015 2524 2025
92 992 100 1004
996 800 1016 813
1528 2150 1535 2153
1860 1159 1876 1183
961 2248 964 2249
1978 947 1994 962
923 345 936 375
2585 2122 2613 2141
132 2804 158 2815
1825 1979 1845 1992
46 1590 59 2879
2294 2901 2317 2922
1707 1972 1720 1986
798 936 827 947
1807 1478 1817 1502
1717 1167 1745 1176
2259 2793 2269 2817
246 2766 268 2778
253 2814 279 2828
1736 1949 1749 2614
2843 370 2868 2535
2122 1083 2148 1096
2434 944 2456 969
2243 2889 3000 2899
1101 1419 1121 1428
619 1831 2000 1838
2018 2196 2032 2199
2014 2195 2035 2203
1403 2196 1421 2480
210 1425 217 1444
2922 621 2927 909
2600 1581 2852 1592
9 2641 17 2657
2656 2857 2660 2886
308 1070 317 1078
1498 2706 1525 2940
1639 174 1642 192
349 2960 364 2974
62 2122 92 2558
51 1115 53 1133
1775 983 2468 2030
1191 1053 1215 1766
2285 368 2293 394
2955 1909 2971 1929
2824 389 2854 400
1716 2033 2075 2056
2753 605 2757 630
1283 799 1285 824
1679 1817 1693 1846
760 576 763 2028
2341 924 2364 932
2345 1889 2358 1894
2490 81 2519 99
1 65 6 68
129 1773 144 1782
1665 530 1677 534
416 2688 428 2692
1336 999 1364 1003
2850 1133 2872 1146
540 1049 545 2348
1171 1676 1197 1684
807 1504 835 1522
1175 112 1199 137
1519 315 1524 2984
2653 620 2780 632
778 1534 783 1551
2211 1193 2817 1216
1832 1732 1841 1757
343 1169 351 1197
1441 966 1457 2121
901 2604 923 2765
1701 776 2307 787
2259 1876 2272 1906
1288 1496 1317 1521
1587 506 1597 533
2324 1436 2332 1446
989 2742 1007 2757
1413 160 1430 162
1392 2756 1402 2778
778 790 805 810
109 2393 128 2397
107 2411 130 2422
483 1426 2235 1448
2660 84 2676 96
2020 2408 2831 2412
387 2827 391 2831
1432 2943 1433 2946
735 2355 748 2376
1481 967 1501 986
325 429 344 449
87 2053 89 2054
2828 937 2842 939
2196 2647 2201 2666
2352 1764 2382 1784
24 1559 29 1578
2192 50 2524 57
1802 1671 1821 1686
239 364 261 367
2815 83 2845 109
612 2104 615 2107
2880 2656 2941 2682
1699 2892 1708 2897
1552 1859 1559 1863
2069 1305 2654 1329
860 1792 868 1819
2674 262 2682 266
900 2234 2658 2254
209 764 230 794
2814 1864 2818 1893
2139 1768 2169 1769
1903 910 1925 933
1779 362 1797 364
147 1587 2768 1608
406 2303 409 2307
2553 428 2573 447
2733 1224 2759 1236
197 880 215 893
1061 1273 1084 1283
95 1513 125 1522
2 340 8 369
46 18 71 47
2322 1495 2345 1511
1795 2847 1823 2876
2016 2872 2042 2916
2405 86 2433 1702
1766 1614 1776 1631
1337 1810 2310 2819
2373 1924 2381 1925
2240 2191 2765 2675
1971 2751 1988 2984
1340 1862 1345 1886
2323 2081 2326 2088
2862 1915 2885 1940
973 2004 983 2017
877 882 905 895
731 1644 755 1652
2203 1582 2224 1607
1214 2127 1226 2145
1461 465 1465 2804
2364 149 2367 160
625 1354 631 1375
1987 2147 1988 2162
1309 892 1315 913
1322 185 1344 214
2877 1532 2895 1542
1346 2584 1353 2833
2150 1590 2156 1605
1674 1439 1692 1440
868 499 872 2998
678 193 698 1621
1797 2951 1802 2973
2279 50 2545 52
390 297 402 308
91 906 102 936
881 2196 886 2207
1464 1156 1472 1167
1537 1109 1542 1113
439 1775 461 1777
2406 2975 2427 2996
88 533 111 537
2138 2404 2939 2409
2628 1292 2654 1315
2558 508 2572 1349
646 2468 664 2487
299 2201 325 2229
1311 371 1326 375
1173 1833 1197 1856
2630 432 2633 456
2452 1073 2479 1102
1407 2607 1436 2633
528 2863 543 2884
2194 975 2217 980
593 2445 607 2619
1225 1729 1243 1736
1163 1747 2424 2399
2887 2583 2894 2591
249 2986 256 2997
2963 1573 2965 1592
488 382 517 386
427 729 435 733
973 184 990 198
844 395 858 2491
1796 823 1816 848
1681 2767 2557 2772
2664 2733 2686 2735
1904 1142 1924 1572
1306 1248 1318 1258
2718 1494 2743 1515
2683 2653 2692 2657
1267 2819 1283 2839
839 1884 855 2148
2794 1647 2807 1677
1583 1144 1611 1156
211 1874 212 1890
970 1839 974 1860
784 206 797 216
558 235 574 238
335 671 357 682
862 2025 882 2787
1282 1190 1796 1217
2899 70 2929 97
0 2629 15 2659
1508 2326 2944 2329
1427 2426 1434 2432
2344 1627 2345 1648
2633 1247 2638 1252
2946 1046 2968 2765
838 2381 853 2382
2860 1904 2869 1912
1249 890 1270 914
2079 586 2086 604
490 115 500 142
113 515 1373 542
731 2950 745 2955
87 1861 90 1889
868 2835 874 2839
623 1962 636 1981
1564 1792 1567 1805
1656 2729 1663 2742
2258 763 2281 772
669 2783 681 2808
2759 2454 2768 2471
2531 29 2538 71
1880 1590 2266 1618
1438 1333 1446 1361
2773 75 2786 94
1145 1636 2001 1662
1968 2444 1973 2447
1223 2270 1240 2274
2636 1609 2649 1611
2001 313 2017 339
1822 1706 1836 1730
1719 1249 1735 1275
2952 713 2955 720
1392 744 1395 764
2942 1140 2947 1153
2386 2969 2392 2996
2281 2624 2310 2638
621 2321 645 2333
275 1889 284 1914
1413 2547 1431 2557
2677 2446 2693 2456
1588 607 1608 621
2969 2152 2971 2177
2767 1895 2778 1897
1178 529 1187 538
2201 1775 2216 1801
1386 58 1400 85
1452 1710 1475 1722
0 0